3 0.4894504583634553 0.9316269565841359 0.08891756522230572 0.10502653967184969
3 0.32517902430868717 0.351301698837274 0.06179017244261928 0.09645295210555198
3 0.3312073338152841 0.2347543817097322 0.04069108916952967 0.0776982114183613
3 0.2415362299046538 0.1597354189609696 0.03616985703958189 0.06698121673996664
3 0.3990258157645003 0.13026368359538426 0.03466277966293269 0.056264222061571945
3 0.33874272069853034 0.1436599269433776 0.03164862490963422 0.05626422206157196
3 0.3334679498802581 0.07935795887300964 0.024113238026387974 0.03483023270478263
3 0.3718984229848139 0.08739570488180563 0.02863447015633568 0.03483023270478263
2 0.29126978333407905 0.10481082123419695 0.030141547532984914 0.05894347073117061
3 0.2927768607107283 0.04586735050302632 0.021099083273089504 0.03750948137438129
