3 0.18426728959198235 0.9020473619997241 0.13262280914513389 0.19590527600055155
3 0.31764363742544094 0.4531131482820234 0.05877601768932067 0.15003792549752512
3 0.4902039970517799 0.4705282646344146 0.06329724981926844 0.1366416821495317
3 0.45780183345382114 0.28030160909290947 0.0557618629360222 0.09913220077515064
3 0.29202332202240366 0.1744712866437622 0.02562031540303721 0.06430196807036793
3 0.24304330728130302 0.15705617029137092 0.030141547532984952 0.061622719400769306
3 0.39601166101120183 0.12490518625618692 0.028634470156335752 0.029471735365585304
3 0.34251041414015354 0.15571654595657158 0.027127392779686517 0.05358497339197333
3 0.29126978333407905 0.11016931857339428 0.027127392779686444 0.037509481374381294
3 0.32216486955538864 0.056584345181421 0.028634470156335717 0.026792486695986648
3 0.33798918201020567 0.11284856724299294 0.027127392779686444 0.04286797871357862
3 0.3613488813482691 0.04077677394257984 0.02562031540303721 0.04233213715607697
2 0.24078269121632923 0.37809418553326085 0.0768609462091117 0.1553964228367226
